[
(0, 60), (0, 180), (0, 300),
(60, 180), (60, 420),
(120, 60),  (120, 180), (120, 300), (120, 360), (120, 420),
(240,60), (240,120), (240, 240), (240, 360), (240, 420),
(300, 0), (300, 240), (300, 360),
(360, 120), (360, 240), (360, 480),
(420, 60), (420, 300), (420, 360), (420, 480),
(480, 60), (480, 180), (480, 420),
(540, 60), (540, 240), (540, 300),
(600, 120), (600, 420),
(660, 0), (660, 120), (660, 180), (660, 300), 
(720, 180), (720, 420),
(780, 60), (780, 240), (780, 360), (780, 420),
(840, 60), (840, 120)
]